216172782169129106
216172782169129282
216172782169128978
144115188131201026
72057594093273251
72057594110050754
72057594093273106
144115188147978752
216172782169129218
72057594110050467
216172782169128995
72057594110050626
144115188131201298
144115188131201362
216172782169129251
216172782169129090
144115188131201282
144115188147978370
72057594110050434
216172782169129234
216172782185906306
72057594110050562
216172782185906688
216172782185906626
216172782169129410
216172782185906434
72057594093273379
216172782185906498
72057594093273362
144115188131201187
144115188131201170
144115188147978498
72057594093273123
72057594093273218
144115188131201346
72057594093273538
72057594093273234
144115188147978242
144115188147978562
216172782185906178
72057594093273346
144115188131201042
72057594093273600
72057594110050306
72057594093273443
144115188131201154
216172782169129123
216172782169129472
72057594110050816
144115188131201536
72057594093273426
144115188147978690
72057594110050450
216172782169129298
144115188131201474
144115188131201059
72057594093273090
144115188131201315
216172782169129315
216172782169128962
144115188131201379
72057594093273410
